Temperature (K)	Pressure (bar)	Density (mol/l)	Volume (l/mol)	Internal Energy (kJ/kg)	Enthalpy (kJ/kg)	Entropy (J/g*K)	Cv (J/g*K)	Cp (J/g*K)	Sound Spd. (m/s)	Joule-Thomson (K/bar)	Viscosity (uPa*s)	Therm. Cond. (W/m*K)	Phase
300.00	1.0000	55.317	0.018078	112.55	112.65	0.39306	4.1302	4.1806	1501.5	-0.022024	853.83	0.61032	liquid
310.00	1.0000	55.141	0.018135	154.35	154.45	0.53011	4.0876	4.1792	1523.4	-0.021393	693.54	0.62609	liquid
320.00	1.0000	54.922	0.018208	196.15	196.25	0.66281	4.0414	4.1805	1538.9	-0.020804	577.04	0.63975	liquid
330.00	1.0000	54.664	0.018294	237.97	238.07	0.79150	3.9923	4.1837	1548.9	-0.020241	489.50	0.65121	liquid
340.00	1.0000	54.373	0.018392	279.82	279.93	0.91646	3.9414	4.1883	1554.0	-0.019690	421.99	0.66058	liquid
350.00	1.0000	54.050	0.018501	321.74	321.84	1.0380	3.8894	4.1945	1554.9	-0.019141	368.78	0.66803	liquid
360.00	1.0000	53.699	0.018622	363.72	363.82	1.1562	3.8369	4.2023	1552.1	-0.018582	326.11	0.67378	liquid
370.00	1.0000	53.321	0.018754	405.79	405.89	1.2715	3.7845	4.2121	1545.8	-0.018006	291.36	0.67803	liquid
372.76	1.0000	53.212	0.018793	417.40	417.50	1.3028	3.7702	4.2152	1543.5	-0.017843	282.91	0.67897	liquid
372.76	1.0000	0.032769	30.517	2505.6	2674.9	7.3588	1.5548	2.0784	471.99	6.7038	12.256	0.025053	vapor
380.00	1.0000	0.032097	31.156	2517.0	2689.9	7.3986	1.5356	2.0507	477.08	6.0450	12.526	0.025546	vapor
390.00	1.0000	0.031220	32.030	2532.5	2710.3	7.4515	1.5189	2.0252	483.80	5.3185	12.903	0.026260	vapor
400.00	1.0000	0.030397	32.898	2547.8	2730.4	7.5025	1.5082	2.0078	490.31	4.7254	13.285	0.027008	vapor
410.00	1.0000	0.029620	33.761	2563.0	2750.4	7.5519	1.5012	1.9954	496.63	4.2281	13.670	0.027788	vapor
420.00	1.0000	0.028885	34.620	2578.2	2770.3	7.5999	1.4968	1.9868	502.81	3.8060	14.060	0.028596	vapor
430.00	1.0000	0.028189	35.475	2593.3	2790.2	7.6466	1.4945	1.9809	508.86	3.4446	14.452	0.029430	vapor
440.00	1.0000	0.027528	36.327	2608.3	2810.0	7.6921	1.4938	1.9772	514.78	3.1331	14.848	0.030288	vapor
450.00	1.0000	0.026899	37.177	2623.4	2829.7	7.7365	1.4943	1.9752	520.60	2.8629	15.246	0.031168	vapor
460.00	1.0000	0.026299	38.025	2638.4	2849.5	7.7799	1.4957	1.9746	526.32	2.6269	15.647	0.032069	vapor
470.00	1.0000	0.025726	38.871	2653.5	2869.2	7.8224	1.4980	1.9751	531.94	2.4198	16.050	0.032990	vapor
480.00	1.0000	0.025179	39.715	2668.5	2889.0	7.8640	1.5009	1.9764	537.48	2.2369	16.454	0.033930	vapor
490.00	1.0000	0.024656	40.559	2683.6	2908.8	7.9047	1.5043	1.9785	542.93	2.0746	16.861	0.034887	vapor
500.00	1.0000	0.024154	41.401	2698.7	2928.6	7.9447	1.5082	1.9813	548.31	1.9298	17.270	0.035861	vapor
510.00	1.0000	0.023673	42.242	2713.9	2948.4	7.9840	1.5124	1.9845	553.62	1.8000	17.679	0.036850	vapor
520.00	1.0000	0.023211	43.083	2729.1	2968.2	8.0226	1.5169	1.9881	558.86	1.6832	18.090	0.037855	vapor
530.00	1.0000	0.022767	43.923	2744.3	2988.2	8.0605	1.5217	1.9921	564.03	1.5777	18.502	0.038874	vapor
540.00	1.0000	0.022340	44.762	2759.6	3008.1	8.0978	1.5267	1.9964	569.14	1.4820	18.916	0.039907	vapor
550.00	1.0000	0.021930	45.600	2775.0	3028.1	8.1344	1.5319	2.0010	574.19	1.3948	19.329	0.040953	vapor
560.00	1.0000	0.021534	46.438	2790.3	3048.1	8.1705	1.5373	2.0058	579.18	1.3153	19.744	0.042012	vapor
570.00	1.0000	0.021152	47.276	2805.8	3068.2	8.2061	1.5428	2.0108	584.12	1.2424	20.159	0.043083	vapor
580.00	1.0000	0.020784	48.113	2821.3	3088.3	8.2411	1.5484	2.0160	589.00	1.1754	20.575	0.044166	vapor
590.00	1.0000	0.020429	48.950	2836.8	3108.5	8.2756	1.5541	2.0213	593.83	1.1137	20.991	0.045261	vapor
600.00	1.0000	0.020086	49.786	2852.4	3128.8	8.3096	1.5600	2.0268	598.61	1.0567	21.407	0.046367	vapor
610.00	1.0000	0.019754	50.622	2868.1	3149.1	8.3432	1.5659	2.0324	603.34	1.0040	21.823	0.047483	vapor
620.00	1.0000	0.019433	51.458	2883.8	3169.4	8.3763	1.5719	2.0381	608.02	0.95505	22.240	0.048610	vapor
630.00	1.0000	0.019123	52.293	2899.5	3189.8	8.4089	1.5780	2.0439	612.65	0.90956	22.656	0.049746	vapor
640.00	1.0000	0.018822	53.128	2915.4	3210.3	8.4411	1.5841	2.0497	617.25	0.86719	23.072	0.050893	vapor
650.00	1.0000	0.018531	53.963	2931.3	3230.8	8.4730	1.5903	2.0557	621.79	0.82764	23.488	0.052049	vapor
660.00	1.0000	0.018249	54.798	2947.2	3251.4	8.5044	1.5966	2.0618	626.30	0.79068	23.904	0.053214	vapor
670.00	1.0000	0.017975	55.633	2963.2	3272.0	8.5354	1.6029	2.0679	630.76	0.75607	24.320	0.054389	vapor
680.00	1.0000	0.017709	56.467	2979.3	3292.8	8.5661	1.6093	2.0741	635.19	0.72361	24.735	0.055572	vapor
690.00	1.0000	0.017451	57.302	2995.5	3313.5	8.5965	1.6157	2.0804	639.57	0.69312	25.150	0.056764	vapor
700.00	1.0000	0.017201	58.136	3011.7	3334.4	8.6264	1.6222	2.0867	643.92	0.66444	25.564	0.057964	vapor
710.00	1.0000	0.016958	58.970	3027.9	3355.3	8.6561	1.6287	2.0931	648.23	0.63743	25.978	0.059172	vapor
720.00	1.0000	0.016721	59.804	3044.3	3376.2	8.6854	1.6353	2.0995	652.50	0.61197	26.391	0.060388	vapor
730.00	1.0000	0.016491	60.638	3060.7	3397.3	8.7144	1.6419	2.1060	656.74	0.58792	26.803	0.061612	vapor
740.00	1.0000	0.016268	61.471	3077.1	3418.3	8.7431	1.6486	2.1125	660.94	0.56519	27.215	0.062844	vapor
750.00	1.0000	0.016050	62.305	3093.7	3439.5	8.7715	1.6553	2.1191	665.11	0.54368	27.626	0.064083	vapor
760.00	1.0000	0.015838	63.138	3110.3	3460.7	8.7996	1.6620	2.1257	669.25	0.52331	28.036	0.065329	vapor
770.00	1.0000	0.015632	63.972	3126.9	3482.0	8.8274	1.6687	2.1323	673.35	0.50399	28.446	0.066583	vapor
780.00	1.0000	0.015431	64.805	3143.6	3503.4	8.8550	1.6755	2.1390	677.42	0.48565	28.855	0.067843	vapor
790.00	1.0000	0.015235	65.638	3160.4	3524.8	8.8823	1.6823	2.1458	681.46	0.46823	29.262	0.069110	vapor
800.00	1.0000	0.015044	66.471	3177.3	3546.3	8.9093	1.6892	2.1525	685.47	0.45167	29.669	0.070385	vapor
810.00	1.0000	0.014858	67.304	3194.3	3567.8	8.9361	1.6961	2.1593	689.45	0.43591	30.075	0.071665	vapor
820.00	1.0000	0.014676	68.137	3211.3	3589.5	8.9626	1.7030	2.1662	693.40	0.42089	30.480	0.072952	vapor
830.00	1.0000	0.014499	68.970	3228.3	3611.2	8.9889	1.7099	2.1730	697.32	0.40658	30.885	0.074246	vapor
840.00	1.0000	0.014326	69.803	3245.5	3632.9	9.0150	1.7168	2.1799	701.22	0.39292	31.288	0.075545	vapor
850.00	1.0000	0.014157	70.636	3262.7	3654.8	9.0408	1.7238	2.1868	705.08	0.37989	31.690	0.076851	vapor
860.00	1.0000	0.013992	71.468	3280.0	3676.7	9.0665	1.7308	2.1937	708.92	0.36744	32.091	0.078162	vapor
870.00	1.0000	0.013831	72.301	3297.3	3698.6	9.0919	1.7378	2.2007	712.74	0.35553	32.491	0.079480	vapor
880.00	1.0000	0.013674	73.134	3314.7	3720.7	9.1171	1.7448	2.2077	716.53	0.34414	32.890	0.080803	vapor
890.00	1.0000	0.013520	73.966	3332.2	3742.8	9.1420	1.7519	2.2146	720.29	0.33324	33.288	0.082132	vapor
900.00	1.0000	0.013369	74.799	3349.8	3765.0	9.1668	1.7589	2.2216	724.03	0.32280	33.685	0.083466	vapor
910.00	1.0000	0.013222	75.631	3367.4	3787.2	9.1914	1.7660	2.2287	727.74	0.31279	34.081	0.084805	vapor
920.00	1.0000	0.013078	76.464	3385.1	3809.5	9.2158	1.7730	2.2357	731.43	0.30320	34.476	0.086150	vapor
930.00	1.0000	0.012937	77.296	3402.9	3831.9	9.2400	1.7801	2.2427	735.10	0.29399	34.869	0.087500	vapor
940.00	1.0000	0.012799	78.129	3420.7	3854.4	9.2640	1.7872	2.2498	738.75	0.28515	35.262	0.088855	vapor
950.00	1.0000	0.012664	78.961	3438.6	3876.9	9.2879	1.7943	2.2568	742.37	0.27666	35.653	0.090215	vapor
960.00	1.0000	0.012532	79.793	3456.6	3899.5	9.3115	1.8014	2.2639	745.97	0.26850	36.043	0.091579	vapor
970.00	1.0000	0.012403	80.626	3474.7	3922.2	9.3350	1.8085	2.2709	749.55	0.26065	36.432	0.092949	vapor
980.00	1.0000	0.012276	81.458	3492.8	3945.0	9.3584	1.8155	2.2780	753.11	0.25311	36.820	0.094323	vapor
990.00	1.0000	0.012152	82.290	3511.0	3967.8	9.3815	1.8226	2.2850	756.65	0.24584	37.207	0.095702	vapor
1000.0	1.0000	0.012030	83.123	3529.3	3990.7	9.4045	1.8297	2.2921	760.17	0.23885	37.592	0.097085	vapor
1010.0	1.0000	0.011911	83.955	3547.6	4013.6	9.4274	1.8368	2.2991	763.66	0.23211	37.977	0.098473	vapor
1020.0	1.0000	0.011794	84.787	3566.0	4036.6	9.4501	1.8439	2.3062	767.14	0.22562	38.360	0.099865	vapor
1030.0	1.0000	0.011680	85.619	3584.5	4059.7	9.4726	1.8509	2.3132	770.60	0.21936	38.742	0.10126	vapor
1040.0	1.0000	0.011567	86.451	3603.0	4082.9	9.4950	1.8580	2.3202	774.05	0.21332	39.123	0.10266	vapor
1050.0	1.0000	0.011457	87.283	3621.6	4106.1	9.5172	1.8650	2.3273	777.47	0.20750	39.502	0.10407	vapor
1060.0	1.0000	0.011349	88.115	3640.3	4129.5	9.5393	1.8720	2.3343	780.88	0.20187	39.881	0.10548	vapor
1070.0	1.0000	0.011243	88.947	3659.1	4152.8	9.5613	1.8790	2.3412	784.26	0.19644	40.258	0.10689	vapor
1080.0	1.0000	0.011138	89.780	3677.9	4176.3	9.5831	1.8860	2.3482	787.64	0.19119	40.634	0.10830	vapor
1090.0	1.0000	0.011036	90.612	3696.8	4199.8	9.6047	1.8930	2.3552	790.99	0.18612	41.009	0.10972	vapor
1100.0	1.0000	0.010936	91.444	3715.8	4223.4	9.6263	1.9000	2.3621	794.33	0.18122	41.382	0.11115	vapor
1110.0	1.0000	0.010837	92.276	3734.8	4247.0	9.6477	1.9069	2.3690	797.65	0.17648	41.755	0.11258	vapor
1120.0	1.0000	0.010740	93.108	3753.9	4270.8	9.6690	1.9138	2.3759	800.95	0.17190	42.126	0.11401	vapor
1130.0	1.0000	0.010645	93.939	3773.1	4294.6	9.6901	1.9207	2.3828	804.24	0.16746	42.496	0.11544	vapor
1140.0	1.0000	0.010552	94.771	3792.4	4318.4	9.7111	1.9276	2.3897	807.52	0.16317	42.865	0.11688	vapor
1150.0	1.0000	0.010460	95.603	3811.7	4342.3	9.7321	1.9344	2.3965	810.78	0.15901	43.233	0.11832	vapor
1160.0	1.0000	0.010370	96.435	3831.0	4366.3	9.7528	1.9412	2.4033	814.02	0.15498	43.599	0.11977	vapor
1170.0	1.0000	0.010281	97.267	3850.5	4390.4	9.7735	1.9480	2.4101	817.25	0.15107	43.965	0.12122	vapor
1180.0	1.0000	0.010194	98.099	3870.0	4414.5	9.7940	1.9548	2.4168	820.47	0.14729	44.329	0.12267	vapor
1190.0	1.0000	0.010108	98.931	3889.6	4438.7	9.8145	1.9615	2.4235	823.67	0.14362	44.692	0.12412	vapor
1200.0	1.0000	0.010024	99.763	3909.2	4463.0	9.8348	1.9682	2.4302	826.85	0.14006	45.054	0.12558	vapor
1210.0	1.0000	0.0099409	100.59	3929.0	4487.4	9.8550	1.9749	2.4369	830.03	0.13661	45.415	0.12704	vapor
1220.0	1.0000	0.0098593	101.43	3948.8	4511.8	9.8750	1.9816	2.4435	833.19	0.13326	45.774	0.12850	vapor
1230.0	1.0000	0.0097791	102.26	3968.6	4536.2	9.8950	1.9882	2.4501	836.33	0.13001	46.132	0.12997	vapor
1240.0	1.0000	0.0097002	103.09	3988.5	4560.8	9.9149	1.9948	2.4567	839.47	0.12686	46.490	0.13144	vapor
1250.0	1.0000	0.0096226	103.92	4008.5	4585.4	9.9346	2.0013	2.4632	842.59	0.12379	46.846	0.13291	vapor
1260.0	1.0000	0.0095462	104.75	4028.6	4610.0	9.9543	2.0078	2.4697	845.70	0.12081	47.201	0.13439	vapor
1270.0	1.0000	0.0094710	105.59	4048.7	4634.8	9.9738	2.0143	2.4762	848.79	0.11792	47.554	0.13587	vapor