Temperature (K)	Pressure (bar)	Density (mol/l)	Volume (l/mol)	Internal Energy (kJ/kg)	Enthalpy (kJ/kg)	Entropy (J/g*K)	Cv (J/g*K)	Cp (J/g*K)	Sound Spd. (m/s)	Joule-Thomson (K/bar)	Viscosity (uPa*s)	Therm. Cond. (W/m*K)	Phase
300.00	1.0000	0.040098	24.939	222.17	311.20	6.8457	0.74316	1.0413	353.16	0.21197	17.897	0.025858	vapor
310.00	1.0000	0.038801	25.772	229.61	321.61	6.8798	0.74334	1.0414	358.99	0.19703	18.354	0.026523	vapor
320.00	1.0000	0.037586	26.605	237.05	332.02	6.9129	0.74356	1.0415	364.73	0.18319	18.806	0.027179	vapor
330.00	1.0000	0.036445	27.439	244.49	342.44	6.9449	0.74382	1.0417	370.38	0.17033	19.251	0.027828	vapor
340.00	1.0000	0.035371	28.271	251.94	352.86	6.9760	0.74415	1.0420	375.93	0.15835	19.690	0.028471	vapor
350.00	1.0000	0.034359	29.104	259.39	363.28	7.0062	0.74453	1.0423	381.39	0.14717	20.124	0.029106	vapor
360.00	1.0000	0.033403	29.937	266.84	373.71	7.0356	0.74497	1.0427	386.77	0.13671	20.553	0.029736	vapor
370.00	1.0000	0.032500	30.770	274.30	384.13	7.0642	0.74548	1.0431	392.07	0.12691	20.976	0.030361	vapor
380.00	1.0000	0.031643	31.602	281.76	394.57	7.0920	0.74607	1.0436	397.30	0.11771	21.394	0.030980	vapor
390.00	1.0000	0.030831	32.435	289.22	405.01	7.1191	0.74672	1.0443	402.44	0.10905	21.808	0.031595	vapor
400.00	1.0000	0.030060	33.267	296.70	415.45	7.1456	0.74746	1.0450	407.51	0.10089	22.217	0.032205	vapor
410.00	1.0000	0.029326	34.100	304.18	425.91	7.1714	0.74827	1.0457	412.51	0.093192	22.621	0.032811	vapor
420.00	1.0000	0.028627	34.932	311.67	436.37	7.1966	0.74916	1.0466	417.44	0.085919	23.021	0.033414	vapor
430.00	1.0000	0.027961	35.764	319.17	446.84	7.2212	0.75013	1.0475	422.30	0.079038	23.417	0.034014	vapor
440.00	1.0000	0.027325	36.596	326.68	457.32	7.2453	0.75119	1.0485	427.10	0.072521	23.808	0.034611	vapor
450.00	1.0000	0.026718	37.429	334.20	467.81	7.2689	0.75233	1.0497	431.83	0.066342	24.196	0.035205	vapor
460.00	1.0000	0.026136	38.261	341.73	478.31	7.2920	0.75355	1.0508	436.50	0.060476	24.579	0.035796	vapor
470.00	1.0000	0.025580	39.093	349.28	488.83	7.3146	0.75485	1.0521	441.11	0.054903	24.959	0.036386	vapor
480.00	1.0000	0.025047	39.925	356.83	499.35	7.3367	0.75622	1.0535	445.67	0.049603	25.336	0.036973	vapor
490.00	1.0000	0.024536	40.757	364.41	509.90	7.3585	0.75768	1.0549	450.16	0.044559	25.709	0.037559	vapor
500.00	1.0000	0.024045	41.589	371.99	520.45	7.3798	0.75921	1.0564	454.60	0.039755	26.078	0.038143	vapor
510.00	1.0000	0.023573	42.421	379.59	531.03	7.4007	0.76082	1.0580	458.99	0.035175	26.444	0.038725	vapor
520.00	1.0000	0.023120	43.253	387.21	541.61	7.4213	0.76249	1.0597	463.32	0.030807	26.807	0.039306	vapor
530.00	1.0000	0.022683	44.085	394.85	552.22	7.4415	0.76423	1.0614	467.60	0.026637	27.166	0.039886	vapor
540.00	1.0000	0.022263	44.917	402.50	562.84	7.4614	0.76604	1.0632	471.83	0.022655	27.523	0.040465	vapor
550.00	1.0000	0.021858	45.749	410.17	573.48	7.4809	0.76791	1.0650	476.02	0.018849	27.877	0.041042	vapor
560.00	1.0000	0.021468	46.581	417.86	584.14	7.5001	0.76984	1.0669	480.16	0.015210	28.227	0.041619	vapor
570.00	1.0000	0.021091	47.413	425.57	594.82	7.5190	0.77182	1.0689	484.25	0.011729	28.575	0.042195	vapor
580.00	1.0000	0.020728	48.245	433.30	605.52	7.5376	0.77386	1.0709	488.30	0.0083968	28.920	0.042770	vapor
590.00	1.0000	0.020376	49.076	441.05	616.24	7.5559	0.77594	1.0730	492.30	0.0052057	29.262	0.043344	vapor
600.00	1.0000	0.020037	49.908	448.82	626.98	7.5740	0.77807	1.0751	496.27	0.0021483	29.602	0.043917	vapor
610.00	1.0000	0.019708	50.740	456.62	637.74	7.5918	0.78024	1.0773	500.19	-0.00078234	29.939	0.044490	vapor
620.00	1.0000	0.019390	51.572	464.43	648.53	7.6093	0.78244	1.0795	504.08	-0.0035926	30.274	0.045061	vapor
630.00	1.0000	0.019083	52.404	472.27	659.33	7.6266	0.78469	1.0817	507.92	-0.0062887	30.606	0.045632	vapor
640.00	1.0000	0.018785	53.235	480.13	670.16	7.6436	0.78696	1.0840	511.73	-0.0088762	30.936	0.046202	vapor
650.00	1.0000	0.018496	54.067	488.01	681.01	7.6605	0.78926	1.0863	515.51	-0.011361	31.264	0.046771	vapor
660.00	1.0000	0.018215	54.899	495.91	691.89	7.6771	0.79159	1.0886	519.25	-0.013747	31.589	0.047340	vapor
670.00	1.0000	0.017943	55.731	503.84	702.78	7.6935	0.79394	1.0909	522.95	-0.016040	31.912	0.047907	vapor
680.00	1.0000	0.017680	56.562	511.80	713.71	7.7096	0.79631	1.0933	526.62	-0.018244	32.233	0.048474	vapor
690.00	1.0000	0.017423	57.394	519.77	724.65	7.7256	0.79870	1.0957	530.26	-0.020363	32.552	0.049040	vapor
700.00	1.0000	0.017175	58.226	527.77	735.62	7.7414	0.80110	1.0981	533.87	-0.022402	32.868	0.049605	vapor
710.00	1.0000	0.016933	59.057	535.79	746.61	7.7570	0.80351	1.1005	537.45	-0.024364	33.183	0.050169	vapor
720.00	1.0000	0.016698	59.889	543.84	757.63	7.7724	0.80593	1.1029	541.00	-0.026252	33.496	0.050732	vapor
730.00	1.0000	0.016469	60.721	551.92	768.67	7.7876	0.80836	1.1053	544.52	-0.028071	33.807	0.051294	vapor
740.00	1.0000	0.016246	61.552	560.01	779.74	7.8027	0.81079	1.1077	548.02	-0.029823	34.116	0.051855	vapor
750.00	1.0000	0.016030	62.384	568.13	790.83	7.8176	0.81322	1.1102	551.48	-0.031511	34.423	0.052414	vapor
760.00	1.0000	0.015819	63.216	576.28	801.94	7.8323	0.81565	1.1126	554.92	-0.033138	34.728	0.052973	vapor
770.00	1.0000	0.015613	64.047	584.45	813.08	7.8469	0.81808	1.1150	558.34	-0.034707	35.031	0.053531	vapor
780.00	1.0000	0.015413	64.879	592.64	824.24	7.8613	0.82051	1.1174	561.73	-0.036220	35.333	0.054087	vapor
790.00	1.0000	0.015218	65.711	600.86	835.43	7.8755	0.82294	1.1199	565.09	-0.037680	35.633	0.054643	vapor
800.00	1.0000	0.015028	66.542	609.10	846.64	7.8896	0.82535	1.1223	568.44	-0.039090	35.932	0.055197	vapor
810.00	1.0000	0.014843	67.374	617.37	857.87	7.9036	0.82776	1.1247	571.76	-0.040451	36.228	0.055750	vapor
820.00	1.0000	0.014662	68.205	625.66	869.13	7.9174	0.83016	1.1271	575.05	-0.041765	36.524	0.056302	vapor
830.00	1.0000	0.014485	69.037	633.97	880.41	7.9311	0.83254	1.1295	578.33	-0.043035	36.817	0.056852	vapor
840.00	1.0000	0.014313	69.869	642.31	891.72	7.9446	0.83492	1.1318	581.58	-0.044262	37.109	0.057401	vapor
850.00	1.0000	0.014144	70.700	650.67	903.05	7.9580	0.83728	1.1342	584.81	-0.045448	37.400	0.057949	vapor
860.00	1.0000	0.013980	71.532	659.06	914.40	7.9713	0.83962	1.1365	588.03	-0.046595	37.689	0.058495	vapor
870.00	1.0000	0.013819	72.363	667.46	925.78	7.9844	0.84195	1.1389	591.22	-0.047704	37.977	0.059040	vapor
880.00	1.0000	0.013662	73.195	675.90	937.18	7.9975	0.84427	1.1412	594.39	-0.048778	38.263	0.059584	vapor
890.00	1.0000	0.013509	74.027	684.35	948.60	8.0104	0.84656	1.1435	597.55	-0.049817	38.548	0.060126	vapor
900.00	1.0000	0.013359	74.858	692.83	960.05	8.0232	0.84884	1.1457	600.68	-0.050822	38.832	0.060666	vapor
910.00	1.0000	0.013212	75.690	701.33	971.52	8.0358	0.85110	1.1480	603.80	-0.051797	39.114	0.061206	vapor
920.00	1.0000	0.013068	76.521	709.85	983.01	8.0484	0.85334	1.1502	606.90	-0.052740	39.395	0.061743	vapor
930.00	1.0000	0.012928	77.353	718.40	994.52	8.0608	0.85556	1.1524	609.98	-0.053654	39.674	0.062279	vapor
940.00	1.0000	0.012790	78.185	726.96	1006.1	8.0732	0.85776	1.1546	613.05	-0.054540	39.953	0.062814	vapor
950.00	1.0000	0.012656	79.016	735.55	1017.6	8.0854	0.85994	1.1568	616.10	-0.055399	40.230	0.063347	vapor
960.00	1.0000	0.012524	79.848	744.16	1029.2	8.0975	0.86210	1.1590	619.13	-0.056233	40.505	0.063879	vapor
970.00	1.0000	0.012395	80.679	752.79	1040.8	8.1096	0.86424	1.1611	622.15	-0.057041	40.780	0.064409	vapor
980.00	1.0000	0.012268	81.511	761.45	1052.4	8.1215	0.86636	1.1632	625.15	-0.057825	41.054	0.064938	vapor
990.00	1.0000	0.012144	82.342	770.12	1064.1	8.1333	0.86845	1.1653	628.14	-0.058586	41.326	0.065465	vapor
1000.0	1.0000	0.012023	83.174	778.82	1075.7	8.1450	0.87052	1.1674	631.11	-0.059324	41.597	0.065991	vapor
1010.0	1.0000	0.011904	84.005	787.53	1087.4	8.1566	0.87257	1.1694	634.06	-0.060042	41.867	0.066515	vapor
1020.0	1.0000	0.011787	84.837	796.27	1099.1	8.1682	0.87460	1.1715	637.01	-0.060738	42.136	0.067037	vapor
1030.0	1.0000	0.011673	85.668	805.03	1110.8	8.1796	0.87660	1.1735	639.93	-0.061415	42.404	0.067558	vapor
1040.0	1.0000	0.011561	86.500	813.80	1122.6	8.1910	0.87858	1.1754	642.85	-0.062073	42.671	0.068077	vapor
1050.0	1.0000	0.011451	87.332	822.60	1134.3	8.2022	0.88054	1.1774	645.75	-0.062712	42.937	0.068595	vapor
1060.0	1.0000	0.011343	88.163	831.41	1146.1	8.2134	0.88247	1.1793	648.63	-0.063334	43.202	0.069111	vapor
1070.0	1.0000	0.011237	88.995	840.25	1157.9	8.2245	0.88439	1.1812	651.51	-0.063938	43.466	0.069625	vapor
1080.0	1.0000	0.011133	89.826	849.10	1169.8	8.2355	0.88628	1.1831	654.37	-0.064526	43.729	0.070138	vapor
1090.0	1.0000	0.011031	90.658	857.97	1181.6	8.2464	0.88814	1.1850	657.21	-0.065098	43.991	0.070650	vapor
1100.0	1.0000	0.010930	91.489	866.86	1193.5	8.2572	0.88999	1.1868	660.05	-0.065654	44.251	0.071160	vapor
1110.0	1.0000	0.010832	92.321	875.77	1205.3	8.2680	0.89181	1.1887	662.87	-0.066196	44.511	0.071668	vapor
1120.0	1.0000	0.010735	93.152	884.70	1217.2	8.2786	0.89361	1.1905	665.68	-0.066723	44.771	0.072175	vapor
1130.0	1.0000	0.010640	93.984	893.65	1229.1	8.2892	0.89538	1.1922	668.48	-0.067237	45.029	0.072680	vapor
1140.0	1.0000	0.010547	94.815	902.61	1241.1	8.2997	0.89714	1.1940	671.26	-0.067737	45.286	0.073184	vapor
1150.0	1.0000	0.010455	95.647	911.59	1253.0	8.3102	0.89887	1.1957	674.04	-0.068224	45.542	0.073686	vapor
1160.0	1.0000	0.010365	96.478	920.59	1265.0	8.3205	0.90058	1.1974	676.80	-0.068699	45.798	0.074186	vapor
1170.0	1.0000	0.010276	97.310	929.60	1277.0	8.3308	0.90227	1.1991	679.55	-0.069161	46.053	0.074685	vapor
1180.0	1.0000	0.010189	98.141	938.63	1289.0	8.3410	0.90393	1.2008	682.29	-0.069612	46.306	0.075183	vapor
1190.0	1.0000	0.010104	98.973	947.68	1301.0	8.3512	0.90558	1.2024	685.02	-0.070052	46.559	0.075679	vapor
1200.0	1.0000	0.010020	99.804	956.74	1313.0	8.3612	0.90720	1.2040	687.74	-0.070480	46.812	0.076173	vapor
1210.0	1.0000	0.0099368	100.64	965.82	1325.1	8.3712	0.90880	1.2056	690.45	-0.070899	47.063	0.076666	vapor
1220.0	1.0000	0.0098554	101.47	974.92	1337.1	8.3812	0.91038	1.2072	693.15	-0.071306	47.314	0.077158	vapor
1230.0	1.0000	0.0097753	102.30	984.03	1349.2	8.3910	0.91194	1.2088	695.83	-0.071704	47.564	0.077648	vapor
1240.0	1.0000	0.0096965	103.13	993.16	1361.3	8.4008	0.91348	1.2103	698.51	-0.072093	47.813	0.078137	vapor
1250.0	1.0000	0.0096189	103.96	1002.3	1373.4	8.4105	0.91500	1.2118	701.18	-0.072472	48.061	0.078624	vapor
1260.0	1.0000	0.0095426	104.79	1011.5	1385.5	8.4202	0.91650	1.2133	703.83	-0.072841	48.309	0.079109	vapor
1270.0	1.0000	0.0094675	105.62	1020.6	1397.7	8.4298	0.91798	1.2148	706.48	-0.073203	48.556	0.079594	vapor
1280.0	1.0000	0.0093935	106.46	1029.8	1409.8	8.4393	0.91944	1.2163	709.12	-0.073555	48.802	0.080076	vapor
1290.0	1.0000	0.0093207	107.29	1039.0	1422.0	8.4488	0.92088	1.2177	711.74	-0.073900	49.047	0.080558	vapor
1300.0	1.0000	0.0092490	108.12	1048.2	1434.2	8.4582	0.92231	1.2191	714.36	-0.074236	49.292	0.081038	vapor
1310.0	1.0000	0.0091785	108.95	1057.5	1446.4	8.4676	0.92371	1.2205	716.97	-0.074565	49.536	0.081516	vapor
1320.0	1.0000	0.0091089	109.78	1066.7	1458.6	8.4769	0.92509	1.2219	719.57	-0.074886	49.780	0.081994	vapor
1330.0	1.0000	0.0090405	110.61	1076.0	1470.8	8.4861	0.92646	1.2233	722.16	-0.075200	50.022	0.082470	vapor
1340.0	1.0000	0.0089730	111.45	1085.2	1483.1	8.4952	0.92781	1.2246	724.74	-0.075507	50.264	0.082944	vapor
1350.0	1.0000	0.0089066	112.28	1094.5	1495.3	8.5044	0.92914	1.2260	727.31	-0.075807	50.506	0.083417	vapor
1360.0	1.0000	0.0088411	113.11	1103.8	1507.6	8.5134	0.93045	1.2273	729.87	-0.076101	50.747	0.083889	vapor
1370.0	1.0000	0.0087766	113.94	1113.1	1519.9	8.5224	0.93174	1.2286	732.43	-0.076387	50.987	0.084360	vapor
1380.0	1.0000	0.0087130	114.77	1122.5	1532.2	8.5313	0.93302	1.2298	734.97	-0.076668	51.226	0.084829	vapor
1390.0	1.0000	0.0086503	115.60	1131.8	1544.5	8.5402	0.93428	1.2311	737.51	-0.076942	51.465	0.085297	vapor
1400.0	1.0000	0.0085885	116.43	1141.1	1556.8	8.5491	0.93552	1.2323	740.04	-0.077211	51.704	0.085763	vapor
1410.0	1.0000	0.0085277	117.27	1150.5	1569.1	8.5578	0.93675	1.2336	742.56	-0.077473	51.941	0.086229	vapor
1420.0	1.0000	0.0084676	118.10	1159.9	1581.5	8.5666	0.93796	1.2348	745.07	-0.077730	52.179	0.086693	vapor
1430.0	1.0000	0.0084084	118.93	1169.3	1593.8	8.5752	0.93916	1.2360	747.57	-0.077982	52.415	0.087155	vapor
1440.0	1.0000	0.0083500	119.76	1178.7	1606.2	8.5838	0.94033	1.2372	750.07	-0.078228	52.651	0.087617	vapor
1450.0	1.0000	0.0082925	120.59	1188.1	1618.5	8.5924	0.94150	1.2383	752.55	-0.078469	52.887	0.088077	vapor
1460.0	1.0000	0.0082357	121.42	1197.5	1630.9	8.6009	0.94265	1.2395	755.03	-0.078705	53.122	0.088536	vapor
1470.0	1.0000	0.0081797	122.25	1206.9	1643.3	8.6094	0.94378	1.2406	757.50	-0.078936	53.356	0.088994	vapor
1480.0	1.0000	0.0081244	123.09	1216.4	1655.8	8.6178	0.94490	1.2417	759.97	-0.079162	53.590	0.089451	vapor
1490.0	1.0000	0.0080699	123.92	1225.8	1668.2	8.6262	0.94600	1.2428	762.42	-0.079383	53.823	0.089907	vapor
1500.0	1.0000	0.0080161	124.75	1235.3	1680.6	8.6345	0.94709	1.2439	764.87	-0.079600	54.056	0.090361	vapor
1510.0	1.0000	0.0079630	125.58	1244.8	1693.1	8.6428	0.94816	1.2450	767.31	-0.079813	54.288	0.090814	vapor
1520.0	1.0000	0.0079107	126.41	1254.3	1705.5	8.6510	0.94922	1.2460	769.74	-0.080021	54.520	0.091266	vapor
1530.0	1.0000	0.0078590	127.24	1263.8	1718.0	8.6591	0.95027	1.2471	772.17	-0.080225	54.751	0.091717	vapor
1540.0	1.0000	0.0078079	128.07	1273.3	1730.4	8.6673	0.95130	1.2481	774.59	-0.080425	54.982	0.092167	vapor
1550.0	1.0000	0.0077576	128.91	1282.8	1742.9	8.6754	0.95232	1.2491	777.00	-0.080621	55.213	0.092616	vapor
1560.0	1.0000	0.0077079	129.74	1292.3	1755.4	8.6834	0.95333	1.2501	779.40	-0.080813	55.442	0.093063	vapor
1570.0	1.0000	0.0076588	130.57	1301.8	1767.9	8.6914	0.95432	1.2511	781.80	-0.081001	55.672	0.093510	vapor
1580.0	1.0000	0.0076103	131.40	1311.4	1780.5	8.6993	0.95531	1.2521	784.19	-0.081185	55.901	0.093955	vapor
1590.0	1.0000	0.0075625	132.23	1320.9	1793.0	8.7072	0.95627	1.2531	786.57	-0.081366	56.129	0.094400	vapor
1600.0	1.0000	0.0075152	133.06	1330.5	1805.5	8.7151	0.95723	1.2540	788.94	-0.081543	56.357	0.094843	vapor
1610.0	1.0000	0.0074685	133.90	1340.1	1818.1	8.7229	0.95817	1.2550	791.31	-0.081717	56.585	0.095286	vapor
1620.0	1.0000	0.0074224	134.73	1349.7	1830.6	8.7307	0.95911	1.2559	793.67	-0.081887	56.812	0.095727	vapor
1630.0	1.0000	0.0073769	135.56	1359.3	1843.2	8.7384	0.96003	1.2568	796.03	-0.082054	57.038	0.096167	vapor
1640.0	1.0000	0.0073319	136.39	1368.9	1855.8	8.7461	0.96093	1.2577	798.38	-0.082218	57.264	0.096606	vapor
1650.0	1.0000	0.0072875	137.22	1378.5	1868.3	8.7538	0.96183	1.2586	800.72	-0.082379	57.490	0.097045	vapor
1660.0	1.0000	0.0072436	138.05	1388.1	1880.9	8.7614	0.96272	1.2595	803.05	-0.082537	57.716	0.097482	vapor
1670.0	1.0000	0.0072003	138.88	1397.7	1893.5	8.7689	0.96359	1.2604	805.38	-0.082692	57.941	0.097918	vapor
1680.0	1.0000	0.0071574	139.72	1407.4	1906.1	8.7765	0.96445	1.2613	807.70	-0.082843	58.165	0.098354	vapor
1690.0	1.0000	0.0071151	140.55	1417.0	1918.7	8.7839	0.96531	1.2621	810.02	-0.082992	58.389	0.098788	vapor
1700.0	1.0000	0.0070732	141.38	1426.7	1931.4	8.7914	0.96615	1.2630	812.32	-0.083138	58.613	0.099222	vapor
1710.0	1.0000	0.0070319	142.21	1436.4	1944.0	8.7988	0.96698	1.2638	814.63	-0.083282	58.836	0.099654	vapor
1720.0	1.0000	0.0069910	143.04	1446.0	1956.7	8.8062	0.96780	1.2646	816.92	-0.083422	59.059	0.10009	vapor
1730.0	1.0000	0.0069506	143.87	1455.7	1969.3	8.8135	0.96862	1.2654	819.21	-0.083560	59.282	0.10052	vapor
1740.0	1.0000	0.0069107	144.70	1465.4	1982.0	8.8208	0.96942	1.2662	821.50	-0.083696	59.504	0.10095	vapor
1750.0	1.0000	0.0068712	145.54	1475.1	1994.6	8.8281	0.97021	1.2670	823.77	-0.083829	59.726	0.10138	vapor
1760.0	1.0000	0.0068321	146.37	1484.8	2007.3	8.8353	0.97099	1.2678	826.04	-0.083959	59.947	0.10180	vapor
1770.0	1.0000	0.0067935	147.20	1494.5	2020.0	8.8425	0.97176	1.2686	828.31	-0.084087	60.168	0.10223	vapor
1780.0	1.0000	0.0067554	148.03	1504.2	2032.7	8.8496	0.97253	1.2693	830.57	-0.084213	60.389	0.10266	vapor
1790.0	1.0000	0.0067177	148.86	1514.0	2045.4	8.8567	0.97328	1.2701	832.82	-0.084337	60.609	0.10308	vapor
1800.0	1.0000	0.0066803	149.69	1523.7	2058.1	8.8638	0.97403	1.2708	835.07	-0.084458	60.829	0.10351	vapor
1810.0	1.0000	0.0066434	150.52	1533.5	2070.8	8.8709	0.97476	1.2716	837.31	-0.084577	61.049	0.10393	vapor
1820.0	1.0000	0.0066069	151.36	1543.2	2083.5	8.8779	0.97549	1.2723	839.55	-0.084694	61.268	0.10435	vapor
1830.0	1.0000	0.0065709	152.19	1553.0	2096.2	8.8848	0.97621	1.2730	841.78	-0.084809	61.487	0.10478	vapor
1840.0	1.0000	0.0065351	153.02	1562.7	2109.0	8.8918	0.97692	1.2737	844.00	-0.084921	61.706	0.10520	vapor
1850.0	1.0000	0.0064998	153.85	1572.5	2121.7	8.8987	0.97762	1.2744	846.22	-0.085032	61.924	0.10562	vapor
1860.0	1.0000	0.0064649	154.68	1582.3	2134.5	8.9056	0.97832	1.2751	848.43	-0.085141	62.142	0.10604	vapor
1870.0	1.0000	0.0064303	155.51	1592.1	2147.2	8.9124	0.97901	1.2758	850.64	-0.085247	62.360	0.10646	vapor
1880.0	1.0000	0.0063961	156.34	1601.9	2160.0	8.9192	0.97968	1.2765	852.84	-0.085352	62.577	0.10687	vapor
1890.0	1.0000	0.0063623	157.18	1611.7	2172.7	8.9260	0.98035	1.2772	855.04	-0.085455	62.794	0.10729	vapor
1900.0	1.0000	0.0063288	158.01	1621.5	2185.5	8.9327	0.98102	1.2778	857.23	-0.085556	63.011	0.10771	vapor
1910.0	1.0000	0.0062957	158.84	1631.3	2198.3	8.9394	0.98167	1.2785	859.41	-0.085656	63.227	0.10813	vapor
1920.0	1.0000	0.0062629	159.67	1641.1	2211.1	8.9461	0.98232	1.2791	861.59	-0.085753	63.443	0.10854	vapor
1930.0	1.0000	0.0062305	160.50	1650.9	2223.9	8.9527	0.98296	1.2798	863.77	-0.085849	63.659	0.10895	vapor
1940.0	1.0000	0.0061983	161.33	1660.8	2236.7	8.9594	0.98359	1.2804	865.94	-0.085943	63.875	0.10937	vapor
1950.0	1.0000	0.0061666	162.16	1670.6	2249.5	8.9659	0.98422	1.2810	868.10	-0.086036	64.090	0.10978	vapor
1960.0	1.0000	0.0061351	163.00	1680.4	2262.3	8.9725	0.98484	1.2816	870.26	-0.086126	64.305	0.11019	vapor
1970.0	1.0000	0.0061040	163.83	1690.3	2275.1	8.9790	0.98545	1.2823	872.41	-0.086216	64.520	0.11061	vapor
1980.0	1.0000	0.0060732	164.66	1700.2	2287.9	8.9855	0.98605	1.2829	874.56	-0.086303	64.734	0.11102	vapor
1990.0	1.0000	0.0060426	165.49	1710.0	2300.8	8.9920	0.98665	1.2835	876.71	-0.086390	64.948	0.11143	vapor
2000.0	1.0000	0.0060124	166.32	1719.9	2313.6	8.9984	0.98724	1.2841	878.84	-0.086474	65.162	0.11184	vapor