Temperature (K)	Pressure (bar)	Density (mol/l)	Volume (l/mol)	Internal Energy (kJ/kg)	Enthalpy (kJ/kg)	Entropy (J/g*K)	Cv (J/g*K)	Cp (J/g*K)	Sound Spd. (m/s)	Joule-Thomson (K/bar)	Viscosity (uPa*s)	Therm. Cond. (W/m*K)	Phase
300.00	1.0000	0.040116	24.928	194.81	272.71	6.4163	0.65873	0.91987	329.72	0.26530	20.561	0.026657	vapor
310.00	1.0000	0.038818	25.761	201.41	281.92	6.4465	0.66034	0.92138	335.07	0.24867	21.108	0.027462	vapor
320.00	1.0000	0.037602	26.594	208.03	291.14	6.4757	0.66210	0.92306	340.32	0.23325	21.649	0.028265	vapor
330.00	1.0000	0.036460	27.427	214.67	300.38	6.5042	0.66403	0.92490	345.46	0.21894	22.183	0.029068	vapor
340.00	1.0000	0.035385	28.261	221.32	309.64	6.5318	0.66610	0.92690	350.52	0.20560	22.710	0.029870	vapor
350.00	1.0000	0.034372	29.093	228.00	318.92	6.5587	0.66831	0.92905	355.48	0.19317	23.231	0.030672	vapor
360.00	1.0000	0.033415	29.926	234.70	328.22	6.5849	0.67065	0.93134	360.35	0.18154	23.746	0.031475	vapor
370.00	1.0000	0.032511	30.759	241.42	337.55	6.6105	0.67312	0.93375	365.14	0.17066	24.255	0.032277	vapor
380.00	1.0000	0.031654	31.592	248.17	346.90	6.6354	0.67570	0.93628	369.85	0.16046	24.759	0.033081	vapor
390.00	1.0000	0.030841	32.424	254.94	356.27	6.6598	0.67838	0.93892	374.48	0.15088	25.257	0.033884	vapor
400.00	1.0000	0.030069	33.257	261.75	365.68	6.6836	0.68116	0.94165	379.05	0.14188	25.749	0.034689	vapor
410.00	1.0000	0.029335	34.089	268.57	375.11	6.7068	0.68402	0.94447	383.54	0.13340	26.236	0.035494	vapor
420.00	1.0000	0.028636	34.922	275.43	384.57	6.7296	0.68695	0.94737	387.96	0.12541	26.719	0.036299	vapor
430.00	1.0000	0.027969	35.754	282.32	394.06	6.7520	0.68994	0.95033	392.32	0.11788	27.196	0.037105	vapor
440.00	1.0000	0.027333	36.586	289.24	403.57	6.7738	0.69299	0.95335	396.62	0.11076	27.668	0.037912	vapor
450.00	1.0000	0.026725	37.419	296.18	413.12	6.7953	0.69608	0.95641	400.86	0.10404	28.136	0.038718	vapor
460.00	1.0000	0.026143	38.251	303.16	422.70	6.8164	0.69921	0.95951	405.04	0.097675	28.599	0.039525	vapor
470.00	1.0000	0.025587	39.083	310.17	432.31	6.8370	0.70237	0.96265	409.18	0.091651	29.058	0.040332	vapor
480.00	1.0000	0.025053	39.915	317.22	441.95	6.8573	0.70554	0.96580	413.26	0.085942	29.513	0.041138	vapor
490.00	1.0000	0.024542	40.747	324.29	451.63	6.8773	0.70873	0.96897	417.29	0.080527	29.963	0.041944	vapor
500.00	1.0000	0.024050	41.579	331.39	461.33	6.8969	0.71193	0.97215	421.27	0.075388	30.410	0.042750	vapor
510.00	1.0000	0.023579	42.411	338.53	471.07	6.9162	0.71513	0.97533	425.21	0.070505	30.852	0.043555	vapor
520.00	1.0000	0.023125	43.243	345.70	480.84	6.9351	0.71832	0.97851	429.10	0.065864	31.291	0.044359	vapor
530.00	1.0000	0.022688	44.075	352.90	490.64	6.9538	0.72150	0.98167	432.95	0.061448	31.725	0.045162	vapor
540.00	1.0000	0.022268	44.907	360.13	500.47	6.9722	0.72467	0.98483	436.77	0.057244	32.157	0.045963	vapor
550.00	1.0000	0.021863	45.739	367.40	510.34	6.9903	0.72782	0.98796	440.54	0.053239	32.584	0.046764	vapor
560.00	1.0000	0.021473	46.571	374.69	520.23	7.0081	0.73095	0.99108	444.28	0.049421	33.008	0.047562	vapor
570.00	1.0000	0.021096	47.403	382.02	530.16	7.0257	0.73405	0.99417	447.98	0.045778	33.429	0.048359	vapor
580.00	1.0000	0.020732	48.235	389.38	540.12	7.0430	0.73712	0.99723	451.64	0.042300	33.846	0.049154	vapor
590.00	1.0000	0.020380	49.067	396.76	550.10	7.0601	0.74016	1.0003	455.27	0.038978	34.260	0.049947	vapor
600.00	1.0000	0.020041	49.899	404.18	560.12	7.0769	0.74317	1.0033	458.87	0.035803	34.671	0.050738	vapor
610.00	1.0000	0.019712	50.730	411.63	570.17	7.0935	0.74614	1.0062	462.44	0.032765	35.079	0.051527	vapor
620.00	1.0000	0.019394	51.562	419.11	580.25	7.1099	0.74907	1.0091	465.98	0.029859	35.484	0.052313	vapor
630.00	1.0000	0.019086	52.394	426.61	590.35	7.1261	0.75196	1.0120	469.49	0.027075	35.886	0.053096	vapor
640.00	1.0000	0.018788	53.226	434.15	600.49	7.1420	0.75482	1.0149	472.97	0.024407	36.285	0.053877	vapor
650.00	1.0000	0.018499	54.058	441.71	610.65	7.1578	0.75763	1.0177	476.42	0.021850	36.681	0.054655	vapor
660.00	1.0000	0.018218	54.889	449.30	620.84	7.1733	0.76039	1.0204	479.85	0.019397	37.074	0.055430	vapor
670.00	1.0000	0.017947	55.721	456.92	631.06	7.1887	0.76312	1.0231	483.25	0.017042	37.465	0.056202	vapor
680.00	1.0000	0.017683	56.553	464.57	641.30	7.2039	0.76580	1.0258	486.63	0.014780	37.853	0.056970	vapor
690.00	1.0000	0.017426	57.385	472.24	651.57	7.2189	0.76844	1.0284	489.98	0.012607	38.238	0.057736	vapor
700.00	1.0000	0.017177	58.216	479.94	661.87	7.2337	0.77103	1.0310	493.31	0.010517	38.621	0.058499	vapor
710.00	1.0000	0.016935	59.048	487.66	672.19	7.2483	0.77357	1.0336	496.61	0.0085075	39.002	0.059258	vapor
720.00	1.0000	0.016700	59.880	495.41	682.54	7.2628	0.77608	1.0361	499.89	0.0065732	39.380	0.060014	vapor
730.00	1.0000	0.016471	60.711	503.19	692.92	7.2771	0.77854	1.0385	503.15	0.0047105	39.755	0.060766	vapor
740.00	1.0000	0.016249	61.543	510.98	703.31	7.2913	0.78095	1.0409	506.39	0.0029161	40.129	0.061515	vapor
750.00	1.0000	0.016032	62.375	518.81	713.73	7.3053	0.78332	1.0433	509.60	0.0011866	40.500	0.062260	vapor
760.00	1.0000	0.015821	63.206	526.65	724.18	7.3191	0.78565	1.0456	512.80	-0.00048127	40.869	0.063002	vapor
770.00	1.0000	0.015616	64.038	534.52	734.65	7.3328	0.78793	1.0479	515.97	-0.0020903	41.235	0.063740	vapor
780.00	1.0000	0.015416	64.870	542.41	745.14	7.3463	0.79017	1.0501	519.13	-0.0036434	41.600	0.064475	vapor
790.00	1.0000	0.015220	65.701	550.32	755.65	7.3597	0.79237	1.0523	522.27	-0.0051431	41.962	0.065205	vapor
800.00	1.0000	0.015030	66.533	558.26	766.18	7.3730	0.79453	1.0545	525.38	-0.0065920	42.322	0.065932	vapor
810.00	1.0000	0.014845	67.365	566.22	776.74	7.3861	0.79664	1.0566	528.48	-0.0079922	42.681	0.066656	vapor
820.00	1.0000	0.014664	68.196	574.19	787.31	7.3990	0.79872	1.0587	531.56	-0.0093461	43.037	0.067376	vapor
830.00	1.0000	0.014487	69.028	582.19	797.91	7.4119	0.80076	1.0607	534.63	-0.010656	43.391	0.068091	vapor
840.00	1.0000	0.014314	69.859	590.21	808.53	7.4246	0.80275	1.0627	537.67	-0.011923	43.744	0.068804	vapor
850.00	1.0000	0.014146	70.691	598.25	819.17	7.4372	0.80471	1.0647	540.70	-0.013150	44.094	0.069512	vapor
860.00	1.0000	0.013982	71.523	606.30	829.82	7.4497	0.80663	1.0666	543.71	-0.014338	44.443	0.070217	vapor
870.00	1.0000	0.013821	72.354	614.38	840.50	7.4620	0.80851	1.0684	546.71	-0.015489	44.790	0.070917	vapor
880.00	1.0000	0.013664	73.186	622.48	851.19	7.4742	0.81036	1.0703	549.69	-0.016605	45.135	0.071614	vapor
890.00	1.0000	0.013510	74.017	630.59	861.90	7.4863	0.81217	1.0721	552.65	-0.017686	45.478	0.072308	vapor
900.00	1.0000	0.013360	74.849	638.72	872.63	7.4983	0.81395	1.0739	555.60	-0.018735	45.820	0.072997	vapor
910.00	1.0000	0.013213	75.681	646.87	883.38	7.5102	0.81569	1.0756	558.53	-0.019753	46.160	0.073683	vapor
920.00	1.0000	0.013070	76.512	655.03	894.14	7.5220	0.81739	1.0773	561.45	-0.020741	46.498	0.074365	vapor
930.00	1.0000	0.012929	77.344	663.22	904.93	7.5336	0.81907	1.0790	564.35	-0.021700	46.835	0.075043	vapor
940.00	1.0000	0.012792	78.175	671.42	915.72	7.5452	0.82071	1.0806	567.24	-0.022632	47.170	0.075717	vapor
950.00	1.0000	0.012657	79.007	679.63	926.54	7.5566	0.82232	1.0822	570.12	-0.023537	47.503	0.076388	vapor
960.00	1.0000	0.012525	79.838	687.86	937.37	7.5679	0.82390	1.0838	572.97	-0.024416	47.835	0.077054	vapor
970.00	1.0000	0.012396	80.670	696.11	948.21	7.5792	0.82545	1.0854	575.82	-0.025271	48.166	0.077718	vapor
980.00	1.0000	0.012270	81.502	704.37	959.08	7.5903	0.82697	1.0869	578.65	-0.026103	48.495	0.078377	vapor
990.00	1.0000	0.012146	82.333	712.65	969.95	7.6014	0.82846	1.0884	581.47	-0.026912	48.822	0.079033	vapor
1000.0	1.0000	0.012024	83.165	720.94	980.84	7.6123	0.82993	1.0898	584.28	-0.027699	49.148	0.079685	vapor